[CIRCLE]
m_nNum=2
m_bDirCW=1
m_dAngDist=3.000000e+001
m_dAngStart=9.000000e+001
m_dRadius=1.000000e+001

